color
255 255 255
line
0 0 0 25 0 0
line
25 0 0 25 25 0
line
25 25 0 0 25 0
line
0 0 0 0 25 0
line
0 0 25 25 0 25
line
25 0 25 25 25 25
line
25 25 25 0 25 25
line
0 0 25 0 25 25
line
0 0 0 0 0 25
line
25 0 0 25 0 25
line
25 25 0 25 25 25
line
0 25 25 0 25 0
ident
scale
5 5 5
move
12 150 0
apply
display

line
0 0 0 150 0 0
line
150 0 0 150 150 0
line
150 150 0 0 150 0
line
0 0 0 0 150 0
line
0 0 150 150 0 150
line
150 0 150 150 150 150
line
150 150 150 0 150 150
line
0 0 150 0 150 150
line
0 0 0 0 0 150
line
150 0 0 150 0 150
line
150 150 0 150 150 150
line
0 150 150 0 150 0

line
25 275 0 125 275 0
line
125 275 0 125 375 0
line
125 375 0 25 375 0
line
25 275 0 25 375 0
line
25 275 100 125 275 100
line
125 275 100 125 375 100
line
125 375 100 25 375 100
line
25 275 100 25 375 100
line
25 275 0 25 275 100
line
125 275 0 125 275 100
line
125 375 0 125 375 100
line
25 275 0 25 275 100
line
25 375 0 25 375 100

line
60 335 100 90 335 100
line
90 335 100 90 365 100
line
90 365 100 60 365 100
line
60 365 100 60 335 100
line
60 335 100 75 325 175
line
90 335 100 75 325 175
line
90 365 100 75 325 175
line
60 365 100 75 325 175

line
42 367 100 47 367 100
line
47 367 100 47 372 100
line
47 372 100 42 372 100
line
42 372 100 42 367 100
line
97 367 100 102 367 100
line
102 367 100 102 372 100
line
102 372 100 97 372 100
line
97 372 100 97 367 100

line
12 243 62 -60 200 62
line
162 243 62 234 200 62


ident
rotate
x 20
rotate
y 20
rotate
z 20
move
150 75 0
apply

display
save
pig.png
